30
0 9803 7273 2925 3250 2438 6128 1391 1248 5264 4424 5887 9883 1706 5105 4326 1625 6349 4543 4910 3675 8573 3626 6971 5130 8173 1907 10163 1553 1474
9803 0 4436 7758 12249 8921 4975 9954 10247 14263 7059 5910 1906 8303 6618 6345 10624 3878 13542 5817 12674 1966 7045 4288 14129 3444 10906 966 10552 9133
7273 4436 0 5228 9719 6391 2445 7424 7717 11733 4529 3380 4516 5773 4088 3815 8094 1348 11012 3287 10144 3206 4515 1758 11599 2806 8376 4796 8022 6603
2925 7758 5228 0 5371 2043 4083 3076 3369 7385 2379 3842 7838 1425 3060 2281 3746 4304 6664 2865 5796 6528 1581 4926 7251 6128 4028 8118 3674 2255
3250 12249 9719 5371 0 4884 8574 3837 2502 3082 6870 8333 12329 4152 7551 6772 1897 8795 2361 7356 1493 11019 6072 9417 2948 10619 1725 12609 1967 3920
2438 8921 6391 2043 4884 0 5246 2589 2882 6898 3542 5005 9001 938 4223 3444 3259 5467 6177 4028 5309 7691 2744 6089 6764 7291 3541 9281 3187 1768
6128 4975 2445 4083 8574 5246 0 6279 6572 10588 3384 2235 5055 4628 2943 2670 6949 1521 9867 2142 8999 3745 3370 2143 10454 3345 7231 5335 6877 5458
1391 9954 7424 3076 3837 2589 6279 0 1835 5851 4575 6038 10034 1857 5256 4477 2212 6500 5130 5061 4262 8724 3777 7122 5717 8324 2494 10314 2140 1625
1248 10247 7717 3369 2502 2882 6572 1835 0 4516 4868 6331 10327 2150 5549 4770 877 6793 3795 5354 2927 9017 4070 7415 4382 8617 1159 10607 805 1918
5264 14263 11733 7385 3082 6898 10588 5851 4516 0 8884 10347 14343 6166 9565 8786 3911 10809 2459 9370 2037 13033 8086 11431 1310 12633 3739 14623 3981 5934
4424 7059 4529 2379 6870 3542 3384 4575 4868 8884 0 3143 7139 2924 2361 1582 5245 3605 8163 2166 7295 5829 1666 4227 8750 5429 5527 7419 5173 3754
5887 5910 3380 3842 8333 5005 2235 6038 6331 10347 3143 0 5990 4387 2702 2429 6708 2456 9626 1901 8758 4680 3129 3078 10213 4280 6990 6270 6636 5217
9883 1906 4516 7838 12329 9001 5055 10034 10327 14343 7139 5990 0 8383 6698 6425 10704 3958 13622 5897 12754 2046 7125 4368 14209 3524 10986 2266 10632 9213
1706 8303 5773 1425 4152 938 4628 1857 2150 6166 2924 4387 8383 0 3605 2826 2527 4849 5445 3410 4577 7073 2126 5471 6032 6673 2809 8663 2455 1036
5105 6618 4088 3060 7551 4223 2943 5256 5549 9565 2361 2702 6698 3605 0 1647 5926 3164 8844 1725 7976 5388 2347 3786 9431 4988 6208 6978 5854 4435
4326 6345 3815 2281 6772 3444 2670 4477 4770 8786 1582 2429 6425 2826 1647 0 5147 2891 8065 1452 7197 5115 1568 3513 8652 4715 5429 6705 5075 3656
1625 10624 8094 3746 1897 3259 6949 2212 877 3911 5245 6708 10704 2527 5926 5147 0 7170 3190 5731 2322 9394 4447 7792 3777 8994 554 10984 342 2295
6349 3878 1348 4304 8795 5467 1521 6500 6793 10809 3605 2456 3958 4849 3164 2891 7170 0 10088 2363 9220 2648 3591 1046 10675 2248 7452 4238 7098 5679
4543 13542 11012 6664 2361 6177 9867 5130 3795 2459 8163 9626 13622 5445 8844 8065 3190 10088 0 8649 1316 12312 7365 10710 2325 11912 3018 13902 3260 5213
4910 5817 3287 2865 7356 4028 2142 5061 5354 9370 2166 1901 5897 3410 1725 1452 5731 2363 8649 0 7781 4587 2152 2985 9236 4187 6013 6177 5659 4240
3675 12674 10144 5796 1493 5309 8999 4262 2927 2037 7295 8758 12754 4577 7976 7197 2322 9220 1316 7781 0 11444 6497 9842 1903 11044 2150 13034 2392 4345
8573 1966 3206 6528 11019 7691 3745 8724 9017 13033 5829 4680 2046 7073 5388 5115 9394 2648 12312 4587 11444 0 5815 3058 12899 2214 9676 2326 9322 7903
3626 7045 4515 1581 6072 2744 3370 3777 4070 8086 1666 3129 7125 2126 2347 1568 4447 3591 7365 2152 6497 5815 0 4213 7952 5415 4729 7405 4375 2956
6971 4288 1758 4926 9417 6089 2143 7122 7415 11431 4227 3078 4368 5471 3786 3513 7792 1046 10710 2985 9842 3058 4213 0 11297 2658 8074 4648 7720 6301
5130 14129 11599 7251 2948 6764 10454 5717 4382 1310 8750 10213 14209 6032 9431 8652 3777 10675 2325 9236 1903 12899 7952 11297 0 12499 3605 14489 3847 5800
8173 3444 2806 6128 10619 7291 3345 8324 8617 12633 5429 4280 3524 6673 4988 4715 8994 2248 11912 4187 11044 2214 5415 2658 12499 0 9276 3804 8922 7503
1907 10906 8376 4028 1725 3541 7231 2494 1159 3739 5527 6990 10986 2809 6208 5429 554 7452 3018 6013 2150 9676 4729 8074 3605 9276 0 11266 624 2577
10163 966 4796 8118 12609 9281 5335 10314 10607 14623 7419 6270 2266 8663 6978 6705 10984 4238 13902 6177 13034 2326 7405 4648 14489 3804 11266 0 10912 9493
1553 10552 8022 3674 1967 3187 6877 2140 805 3981 5173 6636 10632 2455 5854 5075 342 7098 3260 5659 2392 9322 4375 7720 3847 8922 624 10912 0 2223
1474 9133 6603 2255 3920 1768 5458 1625 1918 5934 3754 5217 9213 1036 4435 3656 2295 5679 5213 4240 4345 7903 2956 6301 5800 7503 2577 9493 2223 0
