27
5
0 12902 6818 13257 3915 14637 1958 6676 5966 11005 5043 13901 8368 4258 2870 10898 14053 15138 11679 2253 9353 1612 2499 12361 9606 5278 8633
12902 0 6330 1137 10413 2517 12374 6778 7398 3435 9291 1781 6210 8878 15080 2554 1933 3018 1505 14463 5247 13822 10939 1995 3550 7778 4893
6818 6330 0 6685 4329 8065 6290 694 1314 4433 3207 7329 1796 2794 8996 4326 7481 8566 5107 8379 2781 7738 4855 5789 3034 1694 2061
13257 1137 6685 0 10768 2726 12729 7133 7753 3790 9646 1990 6565 9233 15435 2909 2142 3227 1860 14818 5602 14177 11294 2350 3905 8133 5248
3915 10413 4329 10768 0 12148 3387 4187 3477 8516 2554 11412 5879 1769 6093 8409 11564 12649 9190 5476 6864 4835 1952 9872 7117 2789 6144
14637 2517 8065 2726 12148 0 14109 8513 9133 5170 11026 2716 7945 10613 16815 4289 1092 1495 3240 16198 6982 15557 12674 3730 5285 9513 6628
1958 12374 6290 12729 3387 14109 0 6148 5438 10477 4515 13373 7840 3730 4136 10370 13525 14610 11151 3519 8825 2878 1971 11833 9078 4750 8105
6676 6778 694 7133 4187 8513 6148 0 1172 4881 3065 7777 2244 2652 8854 4774 7929 9014 5555 8237 3229 7596 4713 6237 3482 1552 2509
5966 7398 1314 7753 3477 9133 5438 1172 0 5501 2355 8397 2864 1942 8144 5394 8549 9634 6175 7527 3849 6886 4003 6857 4102 842 3129
11005 3435 4433 3790 8516 5170 10477 4881 5501 0 7394 4434 4313 6981 13183 1431 4586 5671 2212 12566 3350 11925 9042 2894 1653 5881 2996
5043 9291 3207 9646 2554 11026 4515 3065 2355 7394 0 10290 4757 1019 7221 7287 10442 11527 8068 6604 5742 5963 3080 8750 5995 1667 5022
13901 1781 7329 1990 11412 2716 13373 7777 8397 4434 10290 0 7209 9877 16079 3553 2132 3217 2504 15462 6246 14821 11938 2994 4549 8777 5892
8368 6210 1796 6565 5879 7945 7840 2244 2864 4313 4757 7209 0 4344 10546 4206 7361 8446 4987 9929 2661 9288 6405 5669 2914 3244 1941
4258 8878 2794 9233 1769 10613 3730 2652 1942 6981 1019 9877 4344 0 6436 6874 10029 11114 7655 5819 5329 5178 2295 8337 5582 1254 4609
2870 15080 8996 15435 6093 16815 4136 8854 8144 13183 7221 16079 10546 6436 0 13076 16231 17316 13857 733 11531 1844 4677 14539 11784 7456 10811
10898 2554 4326 2909 8409 4289 10370 4774 5394 1431 7287 3553 4206 6874 13076 0 3705 4790 1331 12459 3243 11818 8935 2013 1546 5774 2889
14053 1933 7481 2142 11564 1092 13525 7929 8549 4586 10442 2132 7361 10029 16231 3705 0 1593 2656 15614 6398 14973 12090 3146 4701 8929 6044
15138 3018 8566 3227 12649 1495 14610 9014 9634 5671 11527 3217 8446 11114 17316 4790 1593 0 3741 16699 7483 16058 13175 4231 5786 10014 7129
11679 1505 5107 1860 9190 3240 11151 5555 6175 2212 8068 2504 4987 7655 13857 1331 2656 3741 0 13240 4024 12599 9716 964 2327 6555 3670
2253 14463 8379 14818 5476 16198 3519 8237 7527 12566 6604 15462 9929 5819 733 12459 15614 16699 13240 0 10914 1227 4060 13922 11167 6839 10194
9353 5247 2781 5602 6864 6982 8825 3229 3849 3350 5742 6246 2661 5329 11531 3243 6398 7483 4024 10914 0 10273 7390 4706 1951 4229 1344
1612 13822 7738 14177 4835 15557 2878 7596 6886 11925 5963 14821 9288 5178 1844 11818 14973 16058 12599 1227 10273 0 3419 13281 10526 6198 9553
2499 10939 4855 11294 1952 12674 1971 4713 4003 9042 3080 11938 6405 2295 4677 8935 12090 13175 9716 4060 7390 3419 0 10398 7643 3315 6670
12361 1995 5789 2350 9872 3730 11833 6237 6857 2894 8750 2994 5669 8337 14539 2013 3146 4231 964 13922 4706 13281 10398 0 3009 7237 4352
9606 3550 3034 3905 7117 5285 9078 3482 4102 1653 5995 4549 2914 5582 11784 1546 4701 5786 2327 11167 1951 10526 7643 3009 0 4482 1597
5278 7778 1694 8133 2789 9513 4750 1552 842 5881 1667 8777 3244 1254 7456 5774 8929 10014 6555 6839 4229 6198 3315 7237 4482 0 3509
8633 4893 2061 5248 6144 6628 8105 2509 3129 2996 5022 5892 1941 4609 10811 2889 6044 7129 3670 10194 1344 9553 6670 4352 1597 3509 0
