27
10
0 4823 6318 6192 3256 8128 8499 3874 1781 6030 8266 2162 7517 4432 6858 3071 6424 4858 5922 5409 3176 7712 3323 4724 2402 1575 2991
4823 0 9513 9387 6451 11323 11694 7069 4976 2577 11461 4165 10712 7627 10053 1952 9619 8053 2469 1956 3237 10907 6518 2039 3097 4008 6186
6318 9513 0 1206 4570 3142 3513 3456 4665 10720 3280 6852 2531 2238 1872 7761 1438 1714 10612 10099 7866 2726 4127 9414 7092 6265 4759
6192 9387 1206 0 4444 2830 3201 3330 4539 10594 2968 6726 2219 2112 1560 7635 1126 1588 10486 9973 7740 2414 4001 9288 6966 6139 4633
3256 6451 4570 4444 0 6380 6751 2126 1603 7658 6518 3790 5769 2684 5110 4699 4676 3110 7550 7037 4804 5964 1575 6352 4030 3203 1697
8128 11323 3142 2830 6380 0 965 5266 6475 12530 1334 8662 2531 4048 1574 9571 2412 3524 12422 11909 9676 2258 5937 11224 8902 8075 6569
8499 11694 3513 3201 6751 965 0 5637 6846 12901 1705 9033 2902 4419 1945 9942 2783 3895 12793 12280 10047 2629 6308 11595 9273 8446 6940
3874 7069 3456 3330 2126 5266 5637 0 2221 8276 5404 4408 4655 1570 3996 5317 3562 1996 8168 7655 5422 4850 1683 6970 4648 3821 2315
1781 4976 4665 4539 1603 6475 6846 2221 0 6183 6613 2315 5864 2779 5205 3224 4771 3205 6075 5562 3329 6059 1670 4877 2555 1728 1338
6030 2577 10720 10594 7658 12530 12901 8276 6183 0 12668 5372 11919 8834 11260 3159 10826 9260 1688 1425 4444 12114 7725 3246 4304 5215 7393
8266 11461 3280 2968 6518 1334 1705 5404 6613 12668 0 8800 2669 4186 1712 9709 2550 3662 12560 12047 9814 2396 6075 11362 9040 8213 6707
2162 4165 6852 6726 3790 8662 9033 4408 2315 5372 8800 0 8051 4966 7392 2413 6958 5392 5264 4751 2518 8246 3857 4066 1744 1347 3525
7517 10712 2531 2219 5769 2531 2902 4655 5864 11919 2669 8051 0 3437 1261 8960 1801 2913 11811 11298 9065 2115 5326 10613 8291 7464 5958
4432 7627 2238 2112 2684 4048 4419 1570 2779 8834 4186 4966 3437 0 2778 5875 2344 778 8726 8213 5980 3632 2241 7528 5206 4379 2873
6858 10053 1872 1560 5110 1574 1945 3996 5205 11260 1712 7392 1261 2778 0 8301 1142 2254 11152 10639 8406 1158 4667 9954 7632 6805 5299
3071 1952 7761 7635 4699 9571 9942 5317 3224 3159 9709 2413 8960 5875 8301 0 7867 6301 3051 2538 1485 9155 4766 1853 1345 2256 4434
6424 9619 1438 1126 4676 2412 2783 3562 4771 10826 2550 6958 1801 2344 1142 7867 0 1820 10718 10205 7972 1996 4233 9520 7198 6371 4865
4858 8053 1714 1588 3110 3524 3895 1996 3205 9260 3662 5392 2913 778 2254 6301 1820 0 9152 8639 6406 3108 2667 7954 5632 4805 3299
5922 2469 10612 10486 7550 12422 12793 8168 6075 1688 12560 5264 11811 8726 11152 3051 10718 9152 0 1317 4336 12006 7617 3138 4196 5107 7285
5409 1956 10099 9973 7037 11909 12280 7655 5562 1425 12047 4751 11298 8213 10639 2538 10205 8639 1317 0 3823 11493 7104 2625 3683 4594 6772
3176 3237 7866 7740 4804 9676 10047 5422 3329 4444 9814 2518 9065 5980 8406 1485 7972 6406 4336 3823 0 9260 4871 3138 1450 2361 4539
7712 10907 2726 2414 5964 2258 2629 4850 6059 12114 2396 8246 2115 3632 1158 9155 1996 3108 12006 11493 9260 0 5521 10808 8486 7659 6153
3323 6518 4127 4001 1575 5937 6308 1683 1670 7725 6075 3857 5326 2241 4667 4766 4233 2667 7617 7104 4871 5521 0 6419 4097 3270 1764
4724 2039 9414 9288 6352 11224 11595 6970 4877 3246 11362 4066 10613 7528 9954 1853 9520 7954 3138 2625 3138 10808 6419 0 2998 3909 6087
2402 3097 7092 6966 4030 8902 9273 4648 2555 4304 9040 1744 8291 5206 7632 1345 7198 5632 4196 3683 1450 8486 4097 2998 0 1587 3765
1575 4008 6265 6139 3203 8075 8446 3821 1728 5215 8213 1347 7464 4379 6805 2256 6371 4805 5107 4594 2361 7659 3270 3909 1587 0 2938
2991 6186 4759 4633 1697 6569 6940 2315 1338 7393 6707 3525 5958 2873 5299 4434 4865 3299 7285 6772 4539 6153 1764 6087 3765 2938 0
