32
0	1678	1906	1312	1599	1732	1142	1576	1340	1633	2048	1556	1537	1188	1742	1893	1355	1304	1390	1478	1833	1834	1381	1822	1765	1739	1708	1410	1733	1322	1642	1024	
1678	0	1165	1338	1887	1959	1587	1376	1692	2043	1351	1618	1163	1698	1344	1211	1392	1109	1673	1535	1916	1027	1205	1623	1966	1682	1354	1941	1873	2046	1787	1578	
1906	1165	0	1707	1664	1945	1741	1942	1146	1274	1073	1482	1179	1993	1416	1268	1218	1317	1670	1601	1198	1778	1226	1767	1947	1813	1773	1608	1716	1871	1388	1293	
1312	1338	1707	0	1545	1417	1676	1588	1415	1924	1329	1847	1800	1932	1645	1186	1969	1603	1650	1346	1985	1521	1921	1042	1520	1292	1888	1866	1053	1451	1103	1961	
1599	1887	1664	1545	0	1093	1817	1242	1940	2047	1208	1081	1907	2032	2028	1420	1532	1830	1926	2002	1135	1550	1311	1220	1806	1810	2045	1172	2014	1384	1965	1182	
1732	1959	1945	1417	1093	0	1253	1044	1302	1101	1901	1495	1714	1755	1129	1453	1455	1701	1362	1394	1846	1144	1223	1162	1984	1054	1327	1409	1918	2040	1968	1563	
1142	1587	1741	1676	1817	1253	0	1366	1216	1538	1727	1774	1693	1710	1130	1183	1117	1145	1460	1586	1835	1435	1269	1231	1039	1915	1387	1728	1064	1717	1294	1651	
1576	1376	1942	1588	1242	1044	1366	0	1629	1071	1620	1831	1991	1631	1342	1170	1515	1542	1954	1291	1095	1127	1568	1225	1212	1504	1393	1349	1343	2011	1837	1122	
1340	1692	1146	1415	1940	1302	1216	1629	0	1590	1930	1202	1116	1560	1055	1492	1503	1153	1501	2025	1316	1801	1688	1125	1315	1661	1982	2041	1174	2020	1090	1652	
1633	2043	1274	1924	2047	1101	1538	1071	1590	0	1662	1507	1360	1139	1978	1467	1065	1100	1160	1264	1357	1056	1496	1254	1030	1168	1025	1881	1803	1706	2017	1038	
2048	1351	1073	1329	1208	1901	1727	1620	1930	1662	0	1785	1546	1946	1308	1644	1872	1192	1579	1686	2033	1336	2015	1134	1593	1320	1750	1913	1896	1164	1303	2035	
1556	1618	1482	1847	1081	1495	1774	1831	1202	1507	1785	0	1516	1500	1549	1472	1250	1626	1301	1768	1957	1207	1510	1799	1574	1462	1266	1185	1383	1805	1345	1446	
1537	1163	1179	1800	1907	1714	1693	1991	1116	1360	1546	1516	0	1087	1687	1861	1252	1762	1494	1310	1536	1577	1375	1092	1638	1722	1190	1853	1731	1203	1032	1615	
1188	1698	1993	1932	2032	1755	1710	1631	1560	1139	1946	1500	1087	0	1775	1138	1725	1513	1443	1963	1948	1636	1215	1634	1783	1321	1764	1069	1971	1743	1270	1637	
1742	1344	1416	1645	2028	1129	1130	1342	1055	1978	1308	1549	1687	1775	0	1558	1442	1335	1744	1419	1859	1263	1062	1841	1166	1643	2000	1283	2026	1518	1057	1512	
1893	1211	1268	1186	1420	1453	1183	1170	1492	1467	1644	1472	1861	1138	1558	0	1279	1781	1920	1102	1365	1796	1850	1922	1769	1034	1705	1562	1402	1530	1836	1529	
1355	1392	1218	1969	1532	1455	1117	1515	1503	1065	1872	1250	1252	1725	1442	1279	0	1998	1271	1663	1404	1914	1374	1391	1074	1845	1584	1540	1865	1497	1977	1840	
1304	1109	1317	1603	1830	1701	1145	1542	1153	1100	1192	1626	1762	1513	1335	1781	1998	0	1719	1879	1227	1987	1649	1309	1874	1175	1450	1988	1681	2007	1596	1674	
1390	1673	1670	1650	1926	1362	1460	1954	1501	1160	1579	1301	1494	1443	1744	1920	1271	1719	0	1488	1445	1506	1811	1454	1176	1243	1749	1121	1439	1591	1438	1256	
1478	1535	1601	1346	2002	1394	1586	1291	2025	1264	1686	1768	1310	1963	1419	1102	1663	1879	1488	0	1882	1949	1609	2044	2004	1654	1983	1128	1557	1196	1876	1869	
1833	1916	1198	1985	1135	1846	1835	1095	1316	1357	2033	1957	1536	1948	1859	1365	1404	1227	1445	1882	0	1878	2034	1029	1909	1751	1772	1115	1155	1371	1468	1214	
1834	1027	1778	1521	1550	1144	1435	1127	1801	1056	1336	1207	1577	1636	1263	1796	1914	1987	1506	1949	1878	0	1307	1860	1061	1910	1091	1447	1544	2031	1033	1715	
1381	1205	1226	1921	1311	1223	1269	1568	1688	1496	2015	1510	1375	1215	1062	1850	1374	1649	1811	1609	2034	1307	0	1794	1669	1842	1821	2039	1597	1808	1157	1575	
1822	1623	1767	1042	1220	1162	1231	1225	1125	1254	1134	1799	1092	1634	1841	1922	1391	1309	1454	2044	1029	1860	1794	0	2037	1209	1852	1695	1925	1358	1224	1051	
1765	1966	1947	1520	1806	1984	1039	1212	1315	1030	1593	1574	1638	1783	1166	1769	1074	1874	1176	2004	1909	1061	1669	2037	0	1779	1967	1934	1704	1894	1028	1414	
1739	1682	1813	1292	1810	1054	1915	1504	1661	1168	1320	1462	1722	1321	1643	1034	1845	1175	1243	1654	1751	1910	1842	1209	1779	0	1753	1137	1490	1827	1858	1046	
1708	1354	1773	1888	2045	1327	1387	1393	1982	1025	1750	1266	1190	1764	2000	1705	1584	1450	1749	1983	1772	1091	1821	1852	1967	1753	0	1759	1258	1824	2024	1107	
1410	1941	1608	1866	1172	1409	1728	1349	2041	1881	1913	1185	1853	1069	1283	1562	1540	1988	1121	1128	1115	1447	2039	1695	1934	1137	1759	0	1058	1997	1616	1792	
1733	1873	1716	1053	2014	1918	1064	1343	1174	1803	1896	1383	1731	1971	2026	1402	1865	1681	1439	1557	1155	1544	1597	1925	1704	1490	1258	1058	0	1700	1656	1736	
1322	2046	1871	1451	1384	2040	1717	2011	2020	1706	1164	1805	1203	1743	1518	1530	1497	2007	1591	1196	1371	2031	1808	1358	1894	1827	1824	1997	1700	0	1854	1594	
1642	1787	1388	1103	1965	1968	1294	1837	1090	2017	1303	1345	1032	1270	1057	1836	1977	1596	1438	1876	1468	1033	1157	1224	1028	1858	2024	1616	1656	1854	0	1105	
1024	1578	1293	1961	1182	1563	1651	1122	1652	1038	2035	1446	1615	1637	1512	1529	1840	1674	1256	1869	1214	1715	1575	1051	1414	1046	1107	1792	1736	1594	1105	0	
