22
0 5495 1117 8044 1733 6104 4777 964 5073 2304 2639 2738 7591 1584 8930 1064 1551 3666 2318 9034 6446 6666
5495 0 5594 3599 4730 1659 2558 5953 1728 7293 7628 3913 3146 6573 4485 6053 5850 2935 7307 4589 2001 2221
1117 5594 0 8143 1832 6203 4876 1575 5172 2915 3250 2837 7690 2195 9029 1675 1650 3765 2929 9133 6545 6765
8044 3599 8143 0 7279 2234 5107 8502 4277 9842 10177 6462 1803 9122 2116 8602 8399 5484 9856 2220 3526 3198
1733 4730 1832 7279 0 5339 4012 2191 4308 3531 3866 1973 6826 2811 8165 2291 2088 2901 3545 8269 5681 5901
6104 1659 6203 2234 5339 0 3167 6562 2337 7902 8237 4522 1781 7182 3120 6662 6459 3544 7916 3224 1586 1258
4777 2558 4876 5107 4012 3167 0 5235 2136 6575 6910 3195 4654 5855 5993 5335 5132 2217 6589 6097 3509 3729
964 5953 1575 8502 2191 6562 5235 0 5531 2220 2555 3196 8049 1500 9388 1172 2009 4124 2234 9492 6904 7124
5073 1728 5172 4277 4308 2337 2136 5531 0 6871 7206 3491 3824 6151 5163 5631 5428 2513 6885 5267 2679 2899
2304 7293 2915 9842 3531 7902 6575 2220 6871 0 1531 4536 9389 2318 10728 2512 3349 5464 1580 10832 8244 8464
2639 7628 3250 10177 3866 8237 6910 2555 7206 1531 0 4871 9724 2653 11063 2847 3684 5799 1915 11167 8579 8799
2738 3913 2837 6462 1973 4522 3195 3196 3491 4536 4871 0 6009 3816 7348 3296 3093 2084 4550 7452 4864 5084
7591 3146 7690 1803 6826 1781 4654 8049 3824 9389 9724 6009 0 8669 2689 8149 7946 5031 9403 2793 3073 2745
1584 6573 2195 9122 2811 7182 5855 1500 6151 2318 2653 3816 8669 0 10008 1792 2629 4744 2332 10112 7524 7744
8930 4485 9029 2116 8165 3120 5993 9388 5163 10728 11063 7348 2689 10008 0 9488 9285 6370 10742 1196 4412 4084
1064 6053 1675 8602 2291 6662 5335 1172 5631 2512 2847 3296 8149 1792 9488 0 2109 4224 2526 9592 7004 7224
1551 5850 1650 8399 2088 6459 5132 2009 5428 3349 3684 3093 7946 2629 9285 2109 0 4021 3363 9389 6801 7021
3666 2935 3765 5484 2901 3544 2217 4124 2513 5464 5799 2084 5031 4744 6370 4224 4021 0 5478 6474 3886 4106
2318 7307 2929 9856 3545 7916 6589 2234 6885 1580 1915 4550 9403 2332 10742 2526 3363 5478 0 10846 8258 8478
9034 4589 9133 2220 8269 3224 6097 9492 5267 10832 11167 7452 2793 10112 1196 9592 9389 6474 10846 0 4516 4188
6446 2001 6545 3526 5681 1586 3509 6904 2679 8244 8579 4864 3073 7524 4412 7004 6801 3886 8258 4516 0 2148
6666 2221 6765 3198 5901 1258 3729 7124 2899 8464 8799 5084 2745 7744 4084 7224 7021 4106 8478 4188 2148 0
